
G1 = [1, 0, 0, 0, 0, 1, 1, 1;
      0, 1, 0, 0, 1, 1, 1, 0;
      0, 0, 1, 0, 1, 0, 1, 1;
      0, 0, 0, 1, 1, 1, 1, 1;]
  
G2 = [1, 0, 0, 0, 1, 1, 1, 1, 0, 1, 1, 0;
      0, 1, 0, 0, 1, 0, 0, 1, 1, 1, 1, 0;
      0, 0, 1, 0, 1, 1, 0, 1, 1, 0, 1, 1;
      0, 0, 0, 1, 1, 0, 1, 0, 1, 1, 1, 1]
  
C1 = [0,0,0,0,0,0,0,0;
     0,0,0,1,1,1,1,1;
     0,0,1,0,1,0,1,1;
     0,0,1,1,0,1,0,0;
     0,1,0,0,1,1,1,0;
     0,1,0,1,0,0,0,1;
     0,1,1,0,0,1,0,1;
     0,1,1,1,1,0,1,0;
     1,0,0,0,0,1,1,1;
     1,0,0,1,1,0,0,0;
     1,0,1,0,1,1,0,0;
     1,0,1,1,0,0,1,1;
     1,1,0,0,1,0,0,1;
     1,1,0,1,0,1,1,0;
     1,1,1,0,0,0,1,0;
     1,1,1,1,1,1,0,1]
C2 = [0,0,0,0,0,0,0,0,0,0,0,0;
      0,0,0,1,1,0,1,0,1,1,1,1;
      0,0,1,0,1,1,0,1,1,0,1,1;
      0,0,1,1,0,1,1,1,0,1,0,0;
      0,1,0,0,1,0,0,1,1,1,1,0;
      0,1,0,1,0,0,1,1,0,0,0,1;
      0,1,1,0,0,1,0,0,0,1,0,1;
      0,1,1,1,1,1,1,0,1,0,1,0;
      1,0,0,0,1,1,1,1,0,1,1,0;
      1,0,0,1,0,1,0,1,1,0,0,1;
      1,0,1,0,0,0,1,0,1,1,0,1;
      1,0,1,1,1,0,0,0,0,0,1,0;
      1,1,0,0,0,1,1,0,1,0,0,0;
      1,1,0,1,1,1,0,0,0,1,1,1;
      1,1,1,0,1,0,1,1,0,0,1,1;
      1,1,1,1,0,0,0,1,1,1,0,0]


